10.6078 -2.74186 -1.55836 1.61306 3.90529 1.63161 4.75628 0
7.41491 5.13609 -1.84664 1.59458 3.82829 1.49583 1.59362 0
2.58356 5.29272 -2.10437 1.64552 4.09818 1.50594 1.60324 0
15.8378 -2.70178 -1.3637 1.65858 4.25759 1.5905 4.74419 0
25.2404 5.03688 -1.46096 1.5143 3.74828 1.50407 1.60687 0
5.48841 -2.83769 -1.55446 1.51514 3.36092 1.46359 4.70258 0
17.908 5.15758 -1.52107 1.58659 3.79974 1.52617 1.65304 0
15.1562 -22.3261 -0.705731 1.74735 4.25105 1.86601 1.57933 3
5.72891 3.47558 -1.61021 0.542545 1.77759 1.62969 1.61229 2
12.7204 5.09856 -1.74646 1.62007 4.23554 1.53175 1.58898 0
21.2848 -3.02524 -1.44847 1.57093 3.76368 1.5179 4.81562 0
