4.6622 9.10618 -1.43187 1.8496 4.9379 2.02152 1.58282 3
8.65681 2.53515 -1.91142 1.58906 3.65205 1.41354 4.73595 0
15.0537 -2.62405 -1.79763 1.5258 3.23238 1.51622 4.71945 0
8.99488 -2.53959 -1.81085 1.62959 4.05563 1.43751 4.74274 0
13.9226 2.84032 -1.68033 1.57407 3.86879 1.39657 4.6675 0
4.13377 -2.7185 -1.6495 1.57714 3.75389 1.54002 4.73431 0
10.7399 6.40452 -1.69893 1.5098 3.60799 1.41579 0.652919 0
33.0311 -1.82495 -2.02117 1.5988 3.5627 1.52472 4.73399 0
32.6081 15.769 -1.83366 1.58515 4.11013 1.56559 1.58306 0
22.8428 0.43628 -1.81241 1.71447 3.68717 1.3991 4.66674 0
18.6854 3.05213 -1.8932 1.49201 3.32415 1.50465 4.7509 0
22.8597 15.4422 -1.72585 1.50535 3.58378 1.44824 1.65917 0
3.04598 5.28994 -1.57972 1.54088 3.43104 1.43014 3.78567 0
0.422763 11.8121 -1.40184 1.54095 3.6379 1.43405 1.49391 0
41.6952 3.73567 -1.87316 1.6219 3.96871 1.48743 1.50807 0
3.1241 -6.80528 -1.08945 1.59799 4.03693 1.58637 1.51474 0
20.5933 6.31981 -1.66074 1.49352 3.76949 1.38414 0.709499 0
